LOG_ID: e0682d81-596a-476b-9479-928765f6ae0c ---- TIME: 2024-05-04 13:19:30.301689 ---- USER: string ---- OPERATION: GET ---- MESSAGE: string IS READING ALL COUNTRIES
LOG_ID: 4505216e-de12-4a43-a287-92c8ebfbc873 ---- TIME: 2024-05-04 13:20:18.089557 ---- USER: string ---- OPERATION: POST ---- MESSAGE: string IS CREATING A COUNTRY: name='KZ'
LOG_ID: 59a08e6a-c6f4-4a96-a903-f0f2eac53b8b ---- TIME: 2024-05-04 13:20:24.622455 ---- USER: string ---- OPERATION: POST ---- MESSAGE: string IS CREATING A COUNTRY: name='KG'
LOG_ID: 34e0ed51-48d1-4a6f-aced-34f920d979fc ---- TIME: 2024-05-04 13:21:07.701188 ---- USER: string ---- OPERATION: GET ---- MESSAGE: string IS READING ALL COUNTRIES
LOG_ID: edb474d6-4a47-4d68-9876-80065232113f ---- TIME: 2024-05-04 15:17:51.199423 ---- USER: string ---- OPERATION: POST ---- MESSAGE: string IS CREATING A COUNTRY: name='KZ'
LOG_ID: 17d0581c-f067-434d-8d18-26352d44528e ---- TIME: 2024-05-04 15:17:56.614611 ---- USER: string ---- OPERATION: POST ---- MESSAGE: string IS CREATING A COUNTRY: name='KG'
